6319579484
353951985
1721820305
1656339808
197658565
1949174573
426354271
1340140574
1130332133
1439521658
1035507049
5071296403
2053539816
6138896255
6535542916
6421164902
6253044861
5527202810
6199291292
5874371462
5609525921
6309771165
5871846598
6426712457
5993780739
5295792382
6422212843
1717624934
1240217972
6603528621
2055439054
757263462
6638847760
5272813398
5298228506
5654508337
5251280068
6506573029
6167486945
5997783030
6262333827
5388911501
6324348082
6262019167
6957584217
1130617884
5954223025
6241942121
1458280245
6141734810
6352299478
5200533362
5151105035
1008848605
6318485820
6203006937
2137568290
5552925802
5648874347
6644014483
5780526241
66388477605704678010
5704678010
6602305958
6356939835
906893677
1715037142
2088457132
5272811285
5860415170
1019045147
5653607189
1671911420
6158060852
6312090053
964450157
1883890648
5687627089
1648255637
1308017771
991653582
6291204661
6214874996
6186940358
5403569615
1320956214
5542196209
5782447962
6411505802
5973193673
5901925375
6851102755
2088542006
5716594308
6758303541
2056258239
1762868202
515353199
1138833301
6622545558
1483243511
5215147161
5621000170
1954585743
1891797716
5548345923
878176381
5271875258
325874458
548699498
396776516
17628682025876268017
6362788492
812319041
5997432012
2099439835
5997531075
1349269243
5516139047
1051929489
1424884951
6303645157
1269020703
1644093338
5313018620
5632710270
1224482748
1842274344
1264443776
1777007928
961513542
6852314928
6245866189
6651260317
6685542546
5452083911
6000959216
6898548951
1489773707
6216405310
6434249192
1824528450
1816904146
6341808400
5829270970
6565172317
5314065317
5447870030
5036379234
1866268476
1936814704
1306180307
5701619905
6276257171
5464295104
6158158751
1028787816
6210430978
6636988646
1068968323
864431864
5553685224
5224279709
5825467253
6209227738
6474015460
1881451091
6696705365
1159842688
6872747074
617459583
6174595831892008961
1974272349
5975432334
5935405741
6039499736
6387285340
1779446835
603570105
6975901008
5913803988
5051866269
5924703808
6409128542
1050295062
6984602504
6230661701
6528950688
5452312826
1334671461
5007643235
5298623221
6540945470
5316131171
6263054535
5495787916
6421571649
5867625506
6006492675
5289362876
6753935726

823024207
1070544876
673746435
1859023864
1318579869
1245997069
289606199
1667886379
5919509976
5222353449
6893505623
1720279374
1870454105
1011404526
5885509540
1362922743
6913510837
1905615383
5973752442
5750567170
2102973357
5845924337
5411053906
5579729798
1032953331
6261018588
1939075923
6249753392
6762002309
1742082910
6010304291
5933068343
6460703454
1015986374
5271710396
5718139539
5746513220
1090676208
1833709942
1473594691
6058411033
1335307516
2108417544
1100226928
1151497775
1060438970
6602013864
5156270748
6290018076
1090676208
1762868202
18422743446152823062
6152823062
57465132206883485480
5619351672
2056053945
1068646598
6255198745
5005121977
810844362
965161133
5418692677
5468081928
6341145031
5223537499
5608973962
790208244
5974008314
6635777755
1047661495
5770344808
6054682966
21029733576067867783
6418914446
5847369400
63411450316451533852
6451533852
1644154988
1219448009
1439861894
6963502219
1817443548
6290018076
6290018076
6290018076
6290018076
6290018076
52235374991592829306
6916044362
5579729798
5579729798
55797297985686196465
1764976440
5934477018
1764351005
6021087298
5677444160
1492054460
6217679760
6718859942
1876129108
867905639
5844943802
5528514959
1910616936
1155327445
6616082514
6560110321
6062192926
1893431319
1377104120
1355611242
1041256440
5748100919
5982329573
5818127418
5219409929
5596856157
6104259019
2118298531
5348600861
6738304432
5359708702
6458388125
1396446770
5596140059
5952529678
1425540240
5458355911
6392861877
6386395504
6561009214
5665136731
1953828896
6047046824
1310931640
5425829418
5233235706
6846119091
5896160545
5551232924
5440312482
1969624547
6142805287
1340175647
6172090027
5782098314
5937163215
1105117345
5684777033
1021358248
5665998904
5033579425
932499045
6578011412
1989433931
5490227904
2143092424
5215198629
1738765543
5550323159
5486581453
5441993073
6762791485
5674071362
5173016128
5857450122
6600448806
5366273797
1605741798
5715921338
5762578590
5655929339
5891736423
6714234416
1055748183
6321211314
5486163603
1432901608
6602411611
1400460665
6455701797
1928129345
6172977382
2006041183
2037533465
6647666958
5815094414
5913078466
5681796133
5017341882
5844917020
6593996687
6111877093
1325743654
5097836954
6515711132
6330714202
6272631916
5073776522
6246400394
508024639
6422103226
5982353250
5419842926
6132825036
6315488724
1828085057
5264219629
5221725796
1409885941
6323141243
5805069379
5366629954
57046780105902734346
5902734346
5559402547
6523867936
5363680481
5693652571
5228428813
1033597355
463036140
1166146283
6872843831
6197208534
6673797543
6348847233
6674314352
5396792331
1205431379
6212829395
1970555129
1575722051
5048506459
554494767
1302966880
6604706606
6751343994
5600769135
777000
10335973556643408870
5002191609
6817557595
6453576392
6921718679
6828903780
6332520657
1387040914
1278856679
6834498241
5728367698
935920937
6958586954
6155206393
1164059890
5172781923
6175687441
5532474117
5892781710
999483373
5572028073
6398774728
6271797769
5129610953
1497381422
1715077801
6610346774
5572250783
6685407144
6676436501
5268740123
5820812593
5414733218
5753112226
6936803720
6255705438
5225312941
6329796205
1142574390
1400912553
6037531723
6258363248
6407279649
1711682409
6481152132
6556389715
1417234061
1437115617
5667789832
5844839190
5939645364
5641597854
1001450667
6961704767
6789661694
53597087021108807786
1108807786
1218665006
5344438159
6750189921
6161954702
